1308858
4151110
5413527
3075287
1308851
6776051
1308854
1308855
1308857
3620686
1966182
1302642
6873657
6872273
5244092
1307657
1292506
1820156
23331914
4858775
1300555
1607471
6527269
2132187
5151939
1428577
3412882
3609075
1428578
1300868
25870084
1295340
3198015
26313973
1997679
1297909
3011051
4146512
25831308
3003137
3364223
1302753
3623024
1296987
4246125
1787277
4826419
21352814
10576419
2010975
4256328
3071509
1301715
2010972
3586996
22733673
7003416
1300992
1294766
1293374
5044737
1949328
3338821
2999913
1300374
1300537
4769314
4913185
3011574
1585146
4196227
25994712
1308520
20444530
1787291
1853176
10493928
2365260
1300282
1300064
24743711
5262338
2227293
3430271
1863766
1300069
1300267
1294638
1305466
1297102
1297233
6860160
19969225
1298038
3993588
1878360
3642866
3528554
4074009
2044089
23788440
4164444
1297052
1294323
1294833
1898223
25798222
2129132
25713408
1305725
1305724
26259634
1760104
1305903
1295409
1292973
1464448
1468154
1468155
3284269
1308047
10746175
3126196
1867408
20277632
25713420
1428576
7155083
21318488
2081098
3267120
10439358
5154799
1292371
1292370
2043546
1293824
1858711
3882839
3036478
1293825
2360882
4707585
1293755
1299981
25917973
3823425
1469049
1303184
1298586
1937502
3312344
5360889
3933008
1433556
4816602
2138838
10605978
1465390
3736691
1465829
1302109
25953663
4904661
4904662
6110546
1292704
11584019
2156945
3011997
1299327
1306607
1292402
1292401
1828115
1997685
1308865
26290365
4305436
3011049
3003836
3003830
3168089
1306029
2303163
5285669
3230459
3168086
2148394
1299661
1946882
1783772
1484091
2135981
1299062
3402101
3415993
2216326
1301726
24297912
2031438
1301106
3017655
1300246
10487226
1301459
25769362
1291879
25742294
1298624
1291875
1291870
1937257
1381964
1294114
1300528
2338019
1299193
4915107
6225992
3279107
1297131
3001472
4861627
3670447
1892510
4062922
1294621
3060542
1293839
1293838
4051753
3268241
11610693
1309020
1309021
1299680
4830478
6791750
3071469
3711760
3114200
1300275
1309120
1294240
1297223
4920528
1322848
1293908
2080133
10748074
6879185
3358309
1509868
2154096
1463371
10808442
3993559
2361823
1304608
2144242
24698878
1307868
1296666
2303845
1305224
3286543
3286547
3286549
3286548
6799191
3602965
3217122
1303773
1292208
1293167
1786739
10455629
1305355
6146955
1760622
26289144
7916027
5194471
20388223
10741834
1864810
25864085
6984064
1293764
2229576
1292365
1865561
1431685
1390020
1390021
1306939
1303173
3792799
5250583
3023164
1303376
6738735
5360890
3264045
1307181
3319755
25698722
2132473
1865703
3011459
1302827
3120852
2300450
24815950
1394324
1307697
3275168
1937401
1307694
3250377
25761178
2998373
4889554
2078864
1858802
4022090
4924694
1306612
1412579
5908478
26366465
1303203
26320029
2210031
1307527
1308722
1307528
24753810
10727641
10491641
1299059
6549903
1299054
1295038
1307323
6053731
6537486
2057171
6878446
6782006
10535568
3274505
24847340
24847343
1291868
1291869
6722879
1418200
2053515
4268598
1441238
2363876
3101548
2336785
2567646
3178770
5980670
1300883
1431699
1466394
1866424
6796158
1294639
1298120
3543690
6808702
1298128
4798888
1291999
1309059
1457218
1291990
1309052
1291992
1457217
7064681
1309055
1309054
25785314
3041269
6771529
5977836
5977835
3041264
2148391
20278812
25798448
6424814
1294927
1309136
4100696
21334420
2244363
4191644
1763134
3819877
4876722
6307447
1292523
3819871
3018122
1431718
1305690
1296078
2363506
11610281
1397546
1293359
1485260
1293350
1293351
1293353
1307853
1477894
5908477
25752261
1309220
1914652
3077413
3077412
3015835
7065154
1292950
2275370
3286552
25805741
1789283
1293172
1293173
25838463
1474243
6729183
3263820
3008247
3792816
25897313
1291581
3560787
1829654
1767042
2222995
3025447
2222996
10432911
11606328
3072086
1469441
4301224
3319741
1292226
1292225
1292224
1292223
1292222
1292553
1292220
4323732
1292229
1292792
6872244
1295686
1788392
6768838
3550132
3068206
7054604
2996790
5965670
10741643
11614603
1766086
3007826
1316513
1316510
2230888
10450713
2996640
4826330
1366853
1395776
3718424
19973815
10733376
2147836
1782004
4004715
3013580
1307442
11529526
1307332
2132220
6536180
5322596
1998799
1306317
1306319
1294007
5969409
1291859
1291858
1291850
1291853
1949312
1835843
1299837
22523356
3654340
1460932
1294136
10482125
6057942
1959195
4767216
3073073
1297447
2124703
1437342
25754848
6796133
2277018
6124012
1307315
25826612
1962116
1453238
1309043
2268359
1309046
1305114
1294262
1432180
1309101
1309103
6985803
1293964
1851857
1418070
1455979
24875534
1297689
1300656
1300659
1302678
1439890
1441602
4202982
2018131
1297068
1294417
2046839
1400868
3387546
1872133
1307849
1307847
2037012
1760027
1296753
3073124
3077408
2174535
1293145
3286528
1304972
1304970
1308078
3732780
1418919
1292895
24721493
6070226
3217894
6128003
11510624
4136036
1584750
5958582
4843637
4301181
21937445
1465037
4917705
1417051
1296339
3546019
1417728
1293544
1306951
11627068
1890784
1876781
3808604
25760591
1920805
1830528
6846893
1292234
3990098
2132412
2354729
3036460
1292233
6759229
1299153
2274948
3011308
23126901
1292780
25750969
6097775
6880590
4190211
20266753
3646523
2282449
2028666
4942776
4942778
2028669
1947091
1293182
3530403
2301701
2085020
2357162
1293702
4922787
10772258
1301912
1292434
1297756
16475702
3344570
25755645
3006302
6312211
3006309
1307542
1302795
24745500
4116481
4116480
2357703
2357701
1433736
2213591
1306123
2213597
25444447
2997076
1438760
2133323
2055017
1578503
1949812
3610676
4326412
1578509
1291847
1291844
6053679
1291842
1291843
1291840
1291841
1972701
1302467
1793929
1917074
4812830
20473389
3169043
1945330
2117898
1945336
4237879
1309060
6514105
2132120
1306541
1829230
6558062
1297478
4059245
2298282
1395091
1309071
1309070
3804470
24702659
1949761
25738406
2223596
1293203
7059671
1467044
3078386
1305164
4196129
1300220
1309116
4728584
1309115
1498818
11620560
6985810
1294789
2033822
1299765
2049435
1299769
1853621
2254648
1293377
1442129
6844868
1959877
3901388
1817169
7046723
4727460
1309203
1309201
1297659
1297304
4212172
1329950
1297785
10465145
2249531
3286538
6532822
1296436
1337286
3286531
2153480
3286536
4133988
2993217
25853727
1440703
3292384
3614963
4230918
1764796
3197006
11625097
3927750
4317617
1305306
1652587
21937452
1292330
1292332
6788265
1292849
1304898
1304899
3928370
1293799
3683409
3011225
1781126
3155477
6827727
1293555
3114109
1300608
5247088
1304141
10438426
3244162
3158990
1295229
1306809
1306808
1292207
1297862
1297863
2051007
1439831
1306802
2255841
1931974
1307043
20388224
2983389
10533913
3041806
3541415
1947089
2028677
1303037
1947080
3736637
1428055
1428051
3289081
4009651
3289086
1295644
4097023
1295647
2336783
1394488
1951318
1295318
2257732
3335371
1299362
1299361
1907464
6395245
4881607
2968813
1437109
1870044
3596502
1293867
1419297
10606004
3569943
3321409
2357719
1303815
4724739
2357711
2357713
2357717
1306154
3147941
4004731
3805953
1297880
2154859
24736526
25745752
24843198
1291833
1291832
1396313
1291836
1291835
1793912
1291839
1291838
5967821
1302476
21263666
1815638
2149804
2149806
1301890
10598440
4202302
1978709
1968790
5967223
3215640
1300300
1300303
1756073
1309064
2124724
1421809
1309069
1308799
1408312
2156754
6803494
1291543
3036473
5397537
1291546
1291545
1291544
1291549
1291548
3532614
1761848
1800597
1305179
1308429
1418019
24695277
25809181
1310159
4099231
2248757
2032236
2159331
3233761
2132932
2132930
7065161
1308338
1329962
1929463
2043465
4145476
3078517
3405642
3213173
1292925
25884416
1293414
2044102
2364054
1307955
3813779
3873960
3078609
1292326
21327493
1292328
1292329
24404677
1418190
4917726
3745292
2295401
1889242
11501396
4845728
1293527
1292699
23761370
1295253
2256034
1295250
1394819
3103186
1322851
1294963
1474180
1474185
1292218
1292219
1292216
1292217
1292214
1292215
1292212
1292213
1292211
10047547
25890005
3254235
2028645
2028647
1303021
1857099
2131654
1394968
1950525
6021916
1464563
2969282
1292450
1299374
3007817
10727268
25753166
1303246
1307766
1307762
2996855
5320233
1329562
1416728
3543956
3291930
25823833
6557144
1428602
2124586
1295078
4206436
6533054
3442220
1306785
1889243
3011102
1478186
2133340
3006783
1793903
1291822
1291824
3346464
5323968
24719063
3821067
1793909
1308655
25815008
4914468
21349345
4822829
1301886
5360033
1301061
10766459
1294671
2286642
2083944
6991110
1292769
3578925
1765009
4896305
4896304
4935011
1303630
1291550
1291552
7051900
1291554
1291555
1291557
1291558
1972729
25881780
4896894
6828823
4824512
1498831
4291876
4824515
1431683
20515977
4746257
6007281
2002924
1308995
3077742
1299745
1418640
1300685
1310185
3592854
3592853
1293315
1293317
1293318
2043155
3592859
1307811
1300117
1297630
4728471
3991933
1298346
1919245
20470074
4215790
1848925
1302100
4807924
1305541
3602084
1298189
3927734
24827406
1297747
1855834
20416430
5355187
3838279
3600972
1293088
25858759
3804746
1439579
6019180
1309044
11810348
1790577
4156402
1292049
1292048
1292047
3552028
25794212
6517421
1293530
1293531
25964071
4154669
3154909
1293537
1892531
1292281
10831449
1790373
1304942
4074158
1985677
1295242
2138507
2063914
3647523
6037429
1807959
25908042
1292268
10537919
1295485
1292262
1292260
1292267
1457573
3570688
1307023
6829652
2037833
5327463
1304056
2253613
1303010
1929497
3769423
1927369
4739952
1949005
3212120
3227410
5681006
1907966
25807345
1451430
1307793
1885124
11614086
3726072
1578685
1759386
1890572
1827955
1302303
3569969
20443013
24735062
3007773
6855097
2156528
25766529
10763164
6887029
1295064
1466897
4082544
3078390
1302271
1482055
11503638
4821046
1291818
25728590
2338160
1303907
4896263
3006772
2239286
10521648
1433673
4111416
1860745
4206357
10546747
10743974
1301509
1309088
1309084
1309086
2139553
1421823
1294194
1298759
1296978
1291568
1306421
1291565
1291561
1291560
1291562
20513355
1476023
1294990
6973376
1300741
3077680
10573695
1291586
1291585
1291584
1291583
1291582
1978369
1291580
2161696
3992226
1301345
1291588
3150816
3707070
5919538
1310177
1310174
4057312
1859036
4914616
3179706
1867345
6870362
1295120
1296201
1293323
1304338
1300108
3880545
6386345
6010171
1970437
1938312
2158222
1293181
4023638
1308232
1870436
4709904
1293434
20378811
6142597
1305333
3792848
6985315
23775560
2336735
2129039
1417946
3262050
6041191
2972166
6041194
5989818
3990500
10574622
1401205
1292697
1464368
1293050
1292055
1292056
1292052
1303485
3652302
1304447
5028536
1915393
1306505
3017651
1300613
2286012
3259993
10438691
1292279
26219652
1292270
1292271
1292272
21349734
1292274
1292275
6875263
22715021
1307014
7054120
4888039
1793491
1295873
1295872
1419936
4286017
3313801
1419933
26588970
6126442
3074408
3231742
6973460
1292679
4888015
25777330
11502153
2300586
1307740
1307748
10561898
2056093
1295292
1306160
1308843
6845667
2215609
2353023
1316693
4294119
1860377
2131291
1585236
3036997
3268171
2131459
1302425
3566709
4822848
1295124
3734112
3012257
2225321
2336737
1438652
1316580
20376577
4735944
2267369
1298744
3190880
1937621
1294183
6518754
6952149
3279080
3041281
4078562
25805054
2142535
1291578
1291579
4847665
1291572
1291573
1291571
1291577
1291574
1291575
5317291
25789352
25708579
3986493
1301359
1926007
4841238
25940269
1819388
25907063
2294568
1301582
1308699
1306439
3882715
10437779
2974278
1306526
1300359
2974273
1867332
1867335
2030778
1296217
25723907
4158027
1418752
2018076
6985986
1433330
1293422
3399559
1401524
1905462
4319218
1786742
1786743
1786740
2368641
10726941
5344178
1297291
21359619
1297294
1307906
6537500
1305182
3824274
1921583
2369845
1304585
6880497
3104794
1817253
2251924
10617158
1292063
1292062
1292064
1292067
3104798
1304102
1428878
3103683
25928794
3566266
1308111
24879858
6538833
1428877
3262918
10463953
1863923
25885442
5319835
4301043
3005875
3111355
11624706
2155676
3392569
3737102
1293607
1295865
1304073
2085721
1308974
3005496
3926132
1292484
1297995
1971111
1460996
1830590
24700578
1302987
1308807
1308804
1340517
3230165
5422105
1298525
10763157
3074307
1837856
1295280
1307354
4934987
4271832
1482072
1482077
3418187
2214140
1301746
3011235
1422086
2157130
2157131
1302434
4873490
6873042
3730636
2998270
3335464
1306249
2160611
2190934
1325958
3815920
3041294
20020577
10491666
1308757
1308755
1308753
1308752
1308751
5290729
2147129
4249355
6558801
3586725
2147121
25773932
1299603
5323957
3102668
1301409
20258941
3872249
4160540
10807916
1301169
1301168
11443314
2070367
2156663
1298644
1291828
3626365
1296778
2148257
1297359
3642835
3077791
1297192
1408100
10484041
25995508
2982823
24397586
4304402
1308575
1308573
1308570
2212156
1899125
1851906
1297517
25895276
4913200
1433342
3771562
1297518
5318669
25814705
25814707
2997052
5318665
1418605
3233635
1294950
1307914
3269068
1305197
3789848
2334904
1806555
24163542
3026357
6730004
5262027
25858785
6874403
1794435
25746375
10540066
24879820
4135434
3148027
2346881
1863955
6393127
19945757
1304485
1299288
1303590
3217149
1441801
1981242
1296996
1299383
1427816
3072124
1850963
24697949
2279772
3314870
1369747
24904361
3734350
1927686
3026572
1473074
26021055
1307106
1292659
1292656
1431947
24858414
1297763
1293708
3895511
1308817
1308811
2153527
1308819
24736566
4711195
5377708
6013893
4217426
2357699
4832825
1920796
5364905
2132495
1783457
1301757
19957083
1301753
3920977
2978224
4176542
10571509
25786077
1963070
3558661
4967578
1482394
1972698
24741412
2297265
3569911
4927382
25709273
21941804
1301578
3236904
2190925
1308820
1418191
1308587
1418192
1308748
1308749
5374383
1308747
1308741
2156704
2065021
3041753
2279825
1301198
3793023
20278505
3430169
1301174
1301171
3090455
10807909
3033864
1298653
2181930
1301283
3626372
2369549
1296837
4718369
3338862
3179758
3820191
2270545
1300395
1782142
1329936
6062731
1483507
1305053
3824672
1304854
3012013
1466007
4202204
1296909
1297151
2209575
1794171
20645098
2209573
2037796
1764730
1309192
1419581
1294941
2326676
1309199
1298070
4133814
2269893
2976123
1292001
1292000
25779218
6753166
2054026
2054024
2076181
2997134
1296011
1297018
3262939
1892578
24879839
10788846
1891179
2147854
1863941
1304900
1304677
1305279
1863947
10535562
3607666
3305722
3897667
1292718
1652618
1979063
1890157
6729121
1315570
1419969
1308482
1315574
5308265
1297965
2003389
1478064
5968334
1794082
1418834
1773217
3240208
1298898
1434184
1961963
2270390
1292624
4724373
6890730
1304708
2028585
1307739
6786002
1308827
6522269
5395263
1400665
1891211
3626416
2122766
1306730
1306737
1292531
6557005
4043763
1393859
3412830
1895120
20502514
1325399
1937946
2054933
1427834
21360417
4915857
10748120
3641108
6068516
3329192
3805946
1299131
1422063
10777687
1302090
2357707
1315316
1465668
1471507
3606975
1301617
1963067
3606971
1316572
3606973
1418189
2338058
1294408
20257326
2190914
1300566
1856299
1450031
1308779
1299624
6900092
11516684
3718447
1308777
1308776
1300960
1293765
1293792
1917171
3041749
5387041
4905040
2297275
1295469
2209368
3066739
25823132
1300498
25958787
3397503
4798707
1578507
1484760
10590706
3338851
1949811
4059238
4312428
1866475
1866473
1866471
1866479
10833923
3578981
1294371
2998253
5294324
2373195
3443389
1308554
1305046
1297570
11627047
1297574
1986338
3059036
10577869
1296629
1293475
1296157
1293471
1293470
1307931
2146991
10810745
1401535
1309163
1401533
1309160
1298040
1296717
1756584
2976111
25718082
1782006
1947144
4919019
6846495
1293013
21332518
3006424
1947549
20513061
1305265
3732499
1304641
3692611
1304643
1304642
1304397
3824339
3103678
3217169
1293124
1780330
1293120
2334814
3217165
3009161
1457707
1304022
1499148
19964006
1419974
21339708
1459368
1295384
1299398
1940867
1470600
1889152
25834473
1293926
25932086
3011091
3011093
4709671
4271894
10545939
1303139
3143676
2279152
11525673
10604486
1308838
1792928
3649049
1308833
1308831
20438962
3157605
3754368
2123510
1307389
1395471
1306894
1299243
1950148
1292528
1292529
2230906
1900841
4036000
10793510
5964718
1422920
4924142
1296519
2027938
26277313
5450891
1298443
10440138
1297929
3011072
1307702
3227335
1308767
1308764
1308762
3754946
1291936
1291937
1308769
3230462
1299092
1781636
3754382
6714078
1306471
25835293
4312232
25774050
3395373
1482911
25919910
6080775
1883755
1294490
4226741
4066125
3882759
4906427
10745405
1478926
3901418
25964630
1307696
3205624
2132941
1294362
1309016
1309015
2052978
1307690
1309078
1297544
3024838
10756863
3073158
1439487
1914831
1293460
1296141
25710912
1293265
10539856
2994851
1309171
1309172
6430835
3642843
1866264
1305713
1464338
1994876
4848115
1295045
4707230
1296528
1410556
3908423
6390823
3718269
1436900
6874456
2997155
3018123
1293399
20426995
20513059
2138382
6082518
23997724
2082013
2072848
24987018
6129693
1292289
1292288
1939414
4817901
1295428
3732800
1292287
1292286
26140241
1293135
1433990
5153329
24405378
21339675
10344754
3148748
1849031
1304038
25717233
3792508
5384548
1432972
1295399
5977478
4135710
1820145
19938222
1298874
3804891
5364987
20388198
1827713
4804079
1293731
1388216
1758810
1308848
2359431
3914500
3168993
3094909
1845625
1307394
5996800
5996801
1306861
1433577
4307476
7051270
4903613
1428581
6738760
1945549
23232876
3445526
6011806
6011805
3016187
24750126
2989755
1298909
1295374
1499008
4218768
1301948
24751756
1306662
1306666
3558640
1422952
10450409
10827341
1299643
6869395
3212221
3305873
1433360
1299080
4066206
3874981
1796053
1296992
1300945
3742360
5993185
1477448
1431946
1427818
3071441
1428175
4073898
6040982
5960606
1436674
3793783
3743114
1308620
1873750
20515070
3610047
1922152
3074503
10561953
10485647
1300618
3231740
1300616
1862151
1305065
1393479
6313765
1305068
1309004
1419416
5503303
1293818
1298112
3077668
4035906
1853160
1292347
2264715
1844413
10833924
1292343
1777612
1293258
5990367
6560058
1427318
4845414
1300055
1300056
1296253
1432146
1305666
10574468
10604892
10604893
1293929
1299513
5502697
1296736
22265299
4707209
1849959
1294561
4707205
3130180
3001077
1304624
1305487
3731581
1294829
2973079
3804629
3777800
10439236
5985961
1292722
2072478
1292720
1301445
1292728
6534248
23055587
25872931
1308599
3990470
7015798
1323749
24751754
24751757
1304282
1915403
1304826
1304530
3742937
2063528
1294037
26411409
11026735
3287562
1388175
1401118
1292344
2993424
1770547
2153526
26274910
10537853
3036464
1292348
4707596
1302977
1915312
1303394
1295965
3628370
