25884416
1293414
2044102
2364054
1307955
3813779
3873960
3078609
1292326
21327493
1292328
1292329
24404677
1418190
4917726
3745292
2295401
1889242
11501396
4845728
1293527
1292699
23761370
1295253
2256034
1295250
1394819
3103186
1322851
1294963
1474180
1474185
1292218
1292219
1292216
1292217
1292214
1292215
1292212
1292213
1292211
10047547
25890005
3254235
2028645
2028647
1303021
1857099
2131654
1394968
1950525
6021916
1464563
2969282
1292450
1299374
3007817
10727268
25753166
1303246
1307766
1307762
2996855
5320233
1329562
1416728
3543956
3291930
25823833
6557144
1428602
2124586
1295078
4206436
6533054
3442220
1306785
1889243
3011102
1478186
2133340
3006783
1793903
1291822
1291824
3346464
5323968
24719063
3821067
1793909
1308655
25815008
4914468
21349345
4822829
1301886
5360033
1301061
10766459
1294671
2286642
2083944
6991110
1292769
3578925
1765009
4896305
4896304
4935011
1303630
1291550
1291552
7051900
1291554
1291555
1291557
1291558
1972729
25881780
4896894
6828823
4824512
1498831
4291876
4824515
1431683
20515977
4746257
6007281
2002924
1308995
3077742
1299745
1418640
1300685
1310185
3592854
3592853
1293315
1293317
1293318
2043155
3592859
1307811
1300117
1297630
4728471
3991933
1298346
1919245
20470074
4215790
1848925
1302100
4807924
1305541
3602084
1298189
3927734
24827406
1297747
1855834
20416430
5355187
3838279
3600972
1293088
25858759
3804746
1439579
6019180
1309044
11810348
1790577
4156402
1292049
1292048
1292047
3552028
25794212
6517421
1293530
1293531
25964071
4154669
3154909
1293537
1892531
1292281
10831449
1790373
1304942
4074158
1985677
1295242
2138507
2063914
3647523
6037429
1807959
25908042
1292268
10537919
1295485
1292262
1292260
1292267
1457573
3570688
1307023
6829652
2037833
5327463
1304056
2253613
1303010
1929497
3769423
1927369
4739952
1949005
3212120
3227410
5681006
1907966
25807345
1451430
1307793
1885124
11614086
3726072
1578685
1759386
1890572
1827955
1302303
3569969
20443013
24735062
3007773
6855097
2156528
25766529
10763164
6887029
1295064
1466897
4082544
3078390
1302271
1482055
11503638
4821046
1291818
25728590
2338160
1303907
4896263
3006772
2239286
10521648
1433673
4111416
1860745
4206357
10546747
10743974
1301509
1309088
1309084
1309086
2139553
1421823
1294194
1298759
1296978
1291568
1306421
1291565
1291561
1291560
1291562
20513355
1476023
1294990
6973376
1300741
3077680
10573695
1291586
1291585
1291584
1291583
1291582
1978369
1291580
2161696
3992226
1301345
1291588
3150816
3707070
5919538
1310177
1310174
4057312
1859036
4914616
3179706
1867345
6870362
1295120
1296201
1293323
1304338
1300108
3880545
6386345
6010171
1970437
1938312
2158222
1293181
4023638
1308232
1870436
4709904
1293434
20378811
6142597
1305333
3792848
6985315
23775560
2336735
2129039
1417946
3262050
6041191
2972166
6041194
5989818
3990500
10574622
1401205
1292697
1464368
1293050
1292055
1292056
1292052
1303485
3652302
1304447
5028536
1915393
1306505
3017651
1300613
2286012
3259993
10438691
1292279
26219652
1292270
1292271
1292272
21349734
1292274
1292275
6875263
22715021
1307014
7054120
4888039
1793491
1295873
1295872
1419936
4286017
3313801
1419933
26588970
6126442
3074408
3231742
6973460
1292679
4888015
25777330
11502153
2300586
1307740
1307748
10561898
2056093
1295292
1306160
1308843
6845667
2215609
2353023
1316693
4294119
1860377
2131291
1585236
3036997
3268171
2131459
1302425
3566709
4822848
1295124
3734112
3012257
2225321
2336737
1438652
1316580
20376577
4735944
2267369
1298744
3190880
1937621
1294183
6518754
6952149
3279080
3041281
4078562
25805054
2142535
1291578
1291579
4847665
1291572
1291573
1291571
1291577
1291574
1291575
5317291
25789352
25708579
3986493
1301359
1926007
4841238
25940269
1819388
25907063
2294568
1301582
1308699
1306439
3882715
10437779
2974278
1306526
1300359
2974273
1867332
1867335
2030778
1296217
25723907
4158027
1418752
2018076
6985986
1433330
1293422
3399559
1401524
1905462
4319218
1786742
1786743
1786740
2368641
10726941
5344178
1297291
21359619
1297294
1307906
6537500
1305182
3824274
1921583
2369845
1304585
6880497
3104794
1817253
2251924
10617158
1292063
1292062
1292064
1292067
3104798
1304102
1428878
3103683
25928794
3566266
1308111
24879858
6538833
1428877
3262918
10463953
1863923
25885442
5319835
4301043
3005875
3111355
11624706
2155676
3392569
3737102
1293607
1295865
1304073
2085721
1308974
3005496
3926132
1292484
1297995
1971111
1460996
1830590
24700578
1302987
1308807
1308804
1340517
3230165
5422105
1298525
10763157
3074307
1837856
1295280
1307354
4934987
4271832
1482072
1482077
3418187
2214140
1301746
3011235
1422086
2157130
2157131
1302434
4873490
6873042
3730636
2998270
3335464
1306249
2160611
2190934
1325958
3815920
3041294
20020577
10491666
1308757
1308755
1308753
1308752
1308751
5290729
2147129
4249355
6558801
3586725
2147121
25773932
1299603
5323957
3102668
1301409
20258941
3872249
4160540
10807916
1301169
1301168
11443314
2070367
2156663
1298644
1291828
3626365
1296778
2148257
1297359
3642835
3077791
1297192
1408100
10484041
25995508
2982823
24397586
4304402
1308575
1308573
1308570
2212156
1899125
1851906
1297517
25895276
4913200
1433342
3771562
1297518
5318669
25814705
25814707
2997052
5318665
1418605
3233635
1294950
1307914
3269068
1305197
3789848
2334904
1806555
24163542
3026357
6730004
5262027
25858785
6874403
1794435
25746375
10540066
24879820
4135434
3148027
2346881
1863955
6393127
19945757
1304485
1299288
1303590
3217149
1441801
1981242
1296996
1299383
1427816
3072124
1850963
24697949
2279772
3314870
1369747
24904361
3734350
1927686
3026572
1473074
26021055
1307106
1292659
1292656
1431947
24858414
1297763
1293708
3895511
1308817
1308811
2153527
1308819
24736566
4711195
5377708
6013893
4217426
2357699
4832825
1920796
5364905
2132495
1783457
1301757
19957083
1301753
3920977
2978224
4176542
10571509
25786077
1963070
3558661
4967578
1482394
1972698
24741412
2297265
3569911
4927382
25709273
21941804
1301578
3236904
2190925
1308820
1418191
1308587
1418192
1308748
1308749
5374383
1308747
1308741
2156704
2065021
3041753
2279825
1301198
3793023
20278505
3430169
1301174
1301171
3090455
10807909
3033864
1298653
2181930
1301283
3626372
2369549
1296837
4718369
3338862
3179758
3820191
2270545
1300395
1782142
1329936
6062731
1483507
1305053
3824672
1304854
3012013
1466007
4202204
1296909
1297151
2209575
1794171
20645098
2209573
2037796
1764730
1309192
1419581
1294941
2326676
1309199
1298070
4133814
2269893
2976123
1292001
1292000
25779218
6753166
2054026
2054024
2076181
2997134
1296011
1297018
3262939
1892578
24879839
10788846
1891179
2147854
1863941
1304900
1304677
1305279
1863947
10535562
3607666
3305722
3897667
1292718
1652618
1979063
1890157
6729121
1315570
1419969
1308482
1315574
5308265
1297965
2003389
1478064
5968334
1794082
1418834
1773217
3240208
1298898
1434184
1961963
2270390
1292624
4724373
6890730
1304708
2028585
1307739
6786002
1308827
6522269
5395263
1400665
1891211
3626416
2122766
1306730
1306737
1292531
6557005
4043763
1393859
3412830
1895120
20502514
1325399
1937946
2054933
1427834
21360417
4915857
10748120
3641108
6068516
3329192
3805946
1299131
1422063
10777687
1302090
2357707
1315316
1465668
1471507
3606975
1301617
1963067
3606971
1316572
3606973
1418189
2338058
1294408
20257326
2190914
1300566
1856299
1450031
1308779
1299624
6900092
11516684
3718447
1308777
1308776
1300960
1293765
1293792
1917171
3041749
5387041
4905040
2297275
1295469
2209368
3066739
25823132
1300498
25958787
3397503
4798707
1578507
1484760
10590706
3338851
1949811
4059238
4312428
1866475
1866473
1866471
1866479
10833923
3578981
1294371
2998253
5294324
2373195
3443389
1308554
1305046
1297570
11627047
1297574
1986338
3059036
10577869
1296629
1293475
1296157
1293471
1293470
1307931
2146991
10810745
1401535
1309163
1401533
1309160
1298040
1296717
1756584
2976111
25718082
1782006
1947144
4919019
6846495
1293013
21332518
3006424
1947549
20513061
1305265
3732499
1304641
3692611
1304643
1304642
1304397
3824339
3103678
3217169
1293124
1780330
1293120
2334814
3217165
3009161
1457707
1304022
1499148
19964006
1419974
21339708
1459368
1295384
1299398
1940867
1470600
1889152
25834473
1293926
25932086
3011091
3011093
4709671
4271894
10545939
1303139
3143676
2279152
11525673
10604486
1308838
1792928
3649049
1308833
1308831
20438962
3157605
3754368
2123510
1307389
1395471
1306894
1299243
1950148
1292528
1292529
2230906
1900841
4036000
10793510
5964718
1422920
4924142
1296519
2027938
26277313
5450891
1298443
10440138
1297929
3011072
1307702
3227335
1308767
1308764
1308762
3754946
1291936
1291937
1308769
3230462
1299092
1781636
3754382
6714078
1306471
25835293
4312232
25774050
3395373
1482911
25919910
6080775
1883755
1294490
4226741
4066125
3882759
4906427
10745405
1478926
3901418
25964630
1307696
3205624
2132941
1294362
1309016
1309015
2052978
1307690
1309078
1297544
3024838
10756863
3073158
1439487
1914831
1293460
1296141
25710912
1293265
10539856
2994851
1309171
1309172
6430835
3642843
1866264
1305713
1464338
1994876
4848115
1295045
4707230
1296528
1410556
3908423
6390823
3718269
1436900
6874456
2997155
3018123
1293399
20426995
20513059
2138382
6082518
23997724
2082013
2072848
24987018
6129693
1292289
1292288
1939414
4817901
1295428
3732800
1292287
1292286
26140241
1293135
1433990
5153329
24405378
21339675
10344754
3148748
1849031
1304038
25717233
3792508
5384548
1432972
1295399
5977478
4135710
1820145
19938222
1298874
3804891
5364987
20388198
1827713
4804079
1293731
1388216
1758810
1308848
2359431
3914500
3168993
3094909
1845625
1307394
5996800
5996801
1306861
1433577
4307476
7051270
4903613
1428581
6738760
1945549
23232876
3445526
6011806
6011805
3016187
24750126
2989755
1298909
1295374
1499008
4218768
1301948
24751756
1306662
1306666
3558640
1422952
10450409
10827341
1299643
6869395
3212221
3305873
1433360
1299080
4066206
3874981
1796053
1296992
1300945
3742360
5993185
1477448
1431946
1427818
3071441
1428175
4073898
6040982
5960606
1436674
3793783
3743114
1308620
1873750
20515070
3610047
1922152
3074503
10561953
10485647
1300618
3231740
1300616
1862151
1305065
1393479
6313765
1305068
1309004
1419416
5503303
1293818
1298112
3077668
4035906
1853160
1292347
2264715
1844413
10833924
1292343
1777612
1293258
5990367
6560058
1427318
4845414
1300055
1300056
1296253
1432146
1305666
10574468
10604892
10604893
1293929
1299513
5502697
1296736
22265299
4707209
1849959
1294561
4707205
3130180
3001077
1304624
1305487
3731581
1294829
2973079
3804629
3777800
10439236
5985961
1292722
2072478
1292720
1301445
1292728
6534248
23055587
25872931
1308599
3990470
7015798
1323749
24751754
24751757
1304282
1915403
1304826
1304530
3742937
2063528
1294037
26411409
11026735
3287562
1388175
1401118
1292344
2993424
1770547
2153526
26274910
10537853
3036464
1292348
4707596
1302977
1915312
1303394
1295965
3628370
